"group" "mean_edge" "links" "triplet" "nodes" "cc" "Edensity" "Tdensity" "species" "persp"
1 827.333333333333 2 0 3 0 0.666666666666667 0 2 1.5
2 1354 2 0 3 0 0.666666666666667 0 2 1.5
3 66 3 0 4 0 0.5 0 2 2
4 547.5 5 2 4 0.833333333333333 0.833333333333333 0.5 3 1.33333333333333
5 1984 8 3 6 0.527777777777778 0.533333333333333 0.15 3 2
6 1404.66666666667 6 1 6 0.25 0.4 0.05 3 2
7 1137.33333333333 2 0 3 0 0.666666666666667 0 3 1
8 3833 5 2 4 0.833333333333333 0.833333333333333 0.5 3 1.33333333333333
9 2515.33333333333 3 1 3 1 1 1 3 1
10 329 5 0 6 0 0.333333333333333 0 2 3
11 352.5 3 0 4 0 0.5 0 3 1.33333333333333
12 1320 3 0 4 0 0.5 0 3 1.33333333333333
13 997.333333333333 2 0 3 0 0.666666666666667 0 3 1
14 268 2 0 3 0 0.666666666666667 0 2 1.5
15 8222.5 20 16 8 0.6 0.714285714285714 0.285714285714286 3 2.66666666666667
16 944 2 0 3 0 0.666666666666667 0 2 1.5
17 287.333333333333 3 1 3 1 1 1 3 1
18 851 4 1 4 0.583333333333333 0.666666666666667 0.25 3 1.33333333333333
19 2919.33333333333 2 0 3 0 0.666666666666667 0 2 1.5
20 638.666666666667 2 0 3 0 0.666666666666667 0 3 1
21 838 5 2 4 0.833333333333333 0.833333333333333 0.5 3 1.33333333333333
22 4029.33333333333 3 1 3 1 1 1 3 1
23 558.25 15 4 8 0.233333333333333 0.535714285714286 0.0714285714285714 3 2.66666666666667
24 1479.33333333333 3 1 3 1 1 1 3 1
25 3727.2 7 3 5 0.8 0.7 0.3 3 1.66666666666667
26 558.666666666667 2 0 3 0 0.666666666666667 0 3 1
27 206.666666666667 2 0 3 0 0.666666666666667 0 3 1
28 237.333333333333 2 0 3 0 0.666666666666667 0 3 1
29 3282 5 2 4 0.833333333333333 0.833333333333333 0.5 3 1.33333333333333
30 1874 5 2 4 0.833333333333333 0.833333333333333 0.5 3 1.33333333333333
31 2703.33333333333 3 1 3 1 1 1 3 1
32 162 4 0 5 0 0.4 0 3 1.66666666666667
33 972.666666666667 2 0 3 0 0.666666666666667 0 3 1
34 895.333333333333 23 3 12 0.136111111111111 0.348484848484849 0.0136363636363636 3 4
35 801.6 6 2 5 0.6 0.6 0.2 3 1.66666666666667
36 72.4 4 0 5 0 0.4 0 3 1.66666666666667
37 228 4 0 5 0 0.4 0 2 2.5
38 395.5 5 2 4 0.833333333333333 0.833333333333333 0.5 3 1.33333333333333
39 658.666666666667 3 1 3 1 1 1 3 1
40 610 6 2 5 0.6 0.6 0.2 3 1.66666666666667
41 1220.5 4 1 4 0.583333333333333 0.666666666666667 0.25 3 1.33333333333333
42 1646 3 1 3 1 1 1 3 1
43 931.5 5 2 4 0.833333333333333 0.833333333333333 0.5 3 1.33333333333333
44 288 2 0 3 0 0.666666666666667 0 3 1
45 2166 14 1 8 0.0958333333333333 0.5 0.0178571428571429 3 2.66666666666667
46 863.466666666667 27 11 15 0.368571428571429 0.257142857142857 0.0241758241758242 3 5
47 181.5 4 1 4 0.583333333333333 0.666666666666667 0.25 3 1.33333333333333
48 1193.5 4 1 4 0.583333333333333 0.666666666666667 0.25 3 1.33333333333333
49 654.8 5 1 5 0.333333333333333 0.5 0.1 3 1.66666666666667
50 88 2 0 3 0 0.666666666666667 0 3 1
51 1402.66666666667 2 0 3 0 0.666666666666667 0 3 1
52 4189.75 14 1 8 0.158333333333333 0.5 0.0178571428571429 3 2.66666666666667
53 2877 5 2 4 0.833333333333333 0.833333333333333 0.5 3 1.33333333333333
54 514.5 3 0 4 0 0.5 0 3 1.33333333333333
55 964 4 1 4 0.583333333333333 0.666666666666667 0.25 3 1.33333333333333
56 803.333333333333 3 1 3 1 1 1 3 1
57 314.666666666667 2 0 3 0 0.666666666666667 0 3 1
58 374.5 5 2 4 0.833333333333333 0.833333333333333 0.5 3 1.33333333333333
59 156.666666666667 2 0 3 0 0.666666666666667 0 3 1
60 834.266666666667 43 21 15 0.220582010582011 0.40952380952381 0.0461538461538462 3 5
61 614.666666666667 5 0 6 0 0.333333333333333 0 3 2
62 436 2 0 3 0 0.666666666666667 0 2 1.5
63 265.6 4 0 5 0 0.4 0 3 1.66666666666667
64 2857.5 5 2 4 0.833333333333333 0.833333333333333 0.5 3 1.33333333333333
65 1454.8 5 1 5 0.333333333333333 0.5 0.1 3 1.66666666666667
66 1359.5 3 0 4 0 0.5 0 3 1.33333333333333
67 260.666666666667 2 0 3 0 0.666666666666667 0 2 1.5
68 1528 2 0 3 0 0.666666666666667 0 2 1.5
69 900.666666666667 3 1 3 1 1 1 3 1
70 785.6 5 1 5 0.433333333333333 0.5 0.1 3 1.66666666666667
71 1169.6 6 2 5 0.6 0.6 0.2 3 1.66666666666667
72 718.75 8 1 8 0.158333333333333 0.285714285714286 0.0178571428571429 3 2.66666666666667
73 1487.33333333333 10 2 9 0.259259259259259 0.277777777777778 0.0238095238095238 3 3
74 521.333333333333 2 0 3 0 0.666666666666667 0 2 1.5
75 71 3 0 4 0 0.5 0 3 1.33333333333333
76 750 2 0 3 0 0.666666666666667 0 3 1
77 1186 2 0 3 0 0.666666666666667 0 3 1
78 410 3 0 4 0 0.5 0 3 1.33333333333333
79 639 5 2 4 0.833333333333333 0.833333333333333 0.5 3 1.33333333333333
80 4651.08474576271 196 114 59 0.297891612501661 0.114552893045003 0.00350672121566335 3 19.6666666666667
81 818.8 5 1 5 0.433333333333333 0.5 0.1 3 1.66666666666667
82 827.846153846154 18 5 13 0.197435897435897 0.230769230769231 0.0174825174825175 3 4.33333333333333
83 791.6 4 0 5 0 0.4 0 3 1.66666666666667
84 178.363636363636 10 0 11 0 0.181818181818182 0 3 3.66666666666667
85 74.8571428571429 6 0 7 0 0.285714285714286 0 3 2.33333333333333
86 1492.66666666667 2 0 3 0 0.666666666666667 0 3 1
87 1758 2 0 3 0 0.666666666666667 0 2 1.5
88 373.5 4 1 4 0.583333333333333 0.666666666666667 0.25 3 1.33333333333333
89 253 3 0 4 0 0.5 0 3 1.33333333333333
90 1223.66666666667 5 0 6 0 0.333333333333333 0 3 2
91 1247.55555555556 13 0 9 0 0.361111111111111 0 3 3
92 702 3 0 4 0 0.5 0 3 1.33333333333333
93 808 2 0 3 0 0.666666666666667 0 3 1
94 449.5 4 1 4 0.583333333333333 0.666666666666667 0.25 3 1.33333333333333
95 296 13 2 10 0.3 0.288888888888889 0.0166666666666667 3 3.33333333333333
96 493.333333333333 3 1 3 1 1 1 3 1
97 414 2 0 3 0 0.666666666666667 0 2 1.5
98 215.333333333333 3 1 3 1 1 1 3 1
99 238.5 3 0 4 0 0.5 0 3 1.33333333333333
100 222 2 0 3 0 0.666666666666667 0 2 1.5
101 507.5 4 1 4 0.583333333333333 0.666666666666667 0.25 3 1.33333333333333
102 733.2 5 1 5 0.333333333333333 0.5 0.1 3 1.66666666666667
103 778.666666666667 2 0 3 0 0.666666666666667 0 2 1.5
104 2901.71428571429 9 2 7 0.219047619047619 0.428571428571429 0.0571428571428571 3 2.33333333333333
105 711.333333333333 2 0 3 0 0.666666666666667 0 2 1.5
106 1033 4 1 4 0.583333333333333 0.666666666666667 0.25 3 1.33333333333333
107 466.5 3 0 4 0 0.5 0 3 1.33333333333333
108 1388.8 5 1 5 0.433333333333333 0.5 0.1 3 1.66666666666667
109 1611.33333333333 3 1 3 1 1 1 3 1
110 788 10 2 9 0.207407407407407 0.277777777777778 0.0238095238095238 3 3
111 114.666666666667 2 0 3 0 0.666666666666667 0 3 1
112 758 3 0 4 0 0.5 0 3 1.33333333333333
113 1786.66666666667 2 0 3 0 0.666666666666667 0 2 1.5
114 1902.66666666667 6 1 6 0.35 0.4 0.05 3 2
115 992 2 0 3 0 0.666666666666667 0 2 1.5
116 1656.5 5 2 4 0.833333333333333 0.833333333333333 0.5 3 1.33333333333333
117 226 2 0 3 0 0.666666666666667 0 3 1
118 528.25 10 2 8 0.208333333333333 0.357142857142857 0.0357142857142857 3 2.66666666666667
119 5296 5 2 4 0.833333333333333 0.833333333333333 0.5 3 1.33333333333333
120 1005.125 19 0 16 0 0.158333333333333 0 3 5.33333333333333
121 803.333333333333 6 1 6 0.361111111111111 0.4 0.05 3 2
122 568 2 0 3 0 0.666666666666667 0 3 1
123 1345 3 0 4 0 0.5 0 3 1.33333333333333
124 2337.33333333333 3 1 3 1 1 1 3 1
125 1442.66666666667 2 0 3 0 0.666666666666667 0 2 1.5
126 519.333333333333 2 0 3 0 0.666666666666667 0 2 1.5
127 708.666666666667 2 0 3 0 0.666666666666667 0 3 1
128 409 5 2 4 0.833333333333333 0.833333333333333 0.5 3 1.33333333333333
129 243 15 2 10 0.15 0.333333333333333 0.0166666666666667 3 3.33333333333333
130 907.666666666667 8 3 6 0.633333333333333 0.533333333333333 0.15 3 2
131 422.8 6 2 5 0.6 0.6 0.2 3 1.66666666666667
132 186.666666666667 2 0 3 0 0.666666666666667 0 2 1.5
133 1027.6 5 1 5 0.333333333333333 0.5 0.1 3 1.66666666666667
134 1011.33333333333 2 0 3 0 0.666666666666667 0 3 1
135 675.333333333333 2 0 3 0 0.666666666666667 0 3 1
136 378.666666666667 2 0 3 0 0.666666666666667 0 2 1.5
137 1558.66666666667 27 7 15 0.228518518518519 0.257142857142857 0.0153846153846154 3 5
138 965.714285714286 10 4 7 0.666666666666667 0.476190476190476 0.114285714285714 3 2.33333333333333
139 1951 4 1 4 0.583333333333333 0.666666666666667 0.25 3 1.33333333333333
140 3541 5 2 4 0.833333333333333 0.833333333333333 0.5 3 1.33333333333333
141 1465.5 4 1 4 0.583333333333333 0.666666666666667 0.25 3 1.33333333333333
142 843 3 0 4 0 0.5 0 2 2
143 282 2 0 3 0 0.666666666666667 0 3 1
144 457.5 4 0 4 0 0.666666666666667 0 2 2
145 703.714285714286 6 0 7 0 0.285714285714286 0 2 3.5
146 172 2 0 3 0 0.666666666666667 0 3 1
147 2918.8 7 3 5 0.8 0.7 0.3 3 1.66666666666667
148 295.5 4 1 4 0.583333333333333 0.666666666666667 0.25 3 1.33333333333333
149 535 5 2 4 0.833333333333333 0.833333333333333 0.5 3 1.33333333333333
150 1387.22222222222 31 11 18 0.32536075036075 0.202614379084967 0.0134803921568627 3 6
151 1080.66666666667 7 2 6 0.444444444444444 0.466666666666667 0.1 3 2
152 2973 5 2 4 0.833333333333333 0.833333333333333 0.5 3 1.33333333333333
153 147.124087591241 202 7 137 0.0202255576015296 0.0216831258050666 1.6697676637565e-05 3 45.6666666666667
154 868 3 0 4 0 0.5 0 3 1.33333333333333
155 1225.6 6 2 5 0.533333333333333 0.6 0.2 3 1.66666666666667
156 600 2 0 3 0 0.666666666666667 0 2 1.5
157 473.333333333333 2 0 3 0 0.666666666666667 0 2 1.5
158 523.834586466165 195 2 133 0.0197577276524645 0.0222146274777854 5.21776335356086e-06 3 44.3333333333333
159 956 2 0 3 0 0.666666666666667 0 2 1.5
160 433 4 1 4 0.583333333333333 0.666666666666667 0.25 3 1.33333333333333
161 672.666666666667 2 0 3 0 0.666666666666667 0 3 1
162 754.5 4 1 4 0.583333333333333 0.666666666666667 0.25 3 1.33333333333333
163 792.5 3 0 4 0 0.5 0 3 1.33333333333333
164 545.6 6 2 5 0.6 0.6 0.2 3 1.66666666666667
165 184.666666666667 3 1 3 1 1 1 3 1
166 471.333333333333 2 0 3 0 0.666666666666667 0 2 1.5
167 1067.5 4 1 4 0.583333333333333 0.666666666666667 0.25 3 1.33333333333333
168 1200 3 0 4 0 0.5 0 3 1.33333333333333
169 575 12 4 8 0.275 0.428571428571429 0.0714285714285714 3 2.66666666666667
170 1036 8 3 6 0.633333333333333 0.533333333333333 0.15 3 2
171 669 4 1 4 0.583333333333333 0.666666666666667 0.25 3 1.33333333333333
172 566.8 5 1 5 0.333333333333333 0.5 0.1 3 1.66666666666667
173 1161.75 10 2 8 0.3125 0.357142857142857 0.0357142857142857 3 2.66666666666667
174 545.2 5 1 5 0.433333333333333 0.5 0.1 3 1.66666666666667
175 856 2 0 3 0 0.666666666666667 0 2 1.5
176 412 5 2 4 0.833333333333333 0.833333333333333 0.5 3 1.33333333333333
177 550 2 0 3 0 0.666666666666667 0 3 1
178 380.666666666667 2 0 3 0 0.666666666666667 0 2 1.5
179 123.8 11 0 10 0 0.244444444444444 0 2 5
180 199.2 5 1 5 0.433333333333333 0.5 0.1 3 1.66666666666667
181 684.666666666667 3 1 3 1 1 1 3 1
182 590.8 4 0 5 0 0.4 0 3 1.66666666666667
183 298.866666666667 82 20 30 0.171909941909942 0.188505747126437 0.00492610837438424 3 10
184 1386.66666666667 7 2 6 0.477777777777778 0.466666666666667 0.1 3 2
185 1315.25 13 6 8 0.695833333333333 0.464285714285714 0.107142857142857 3 2.66666666666667
186 1653.6 6 2 5 0.6 0.6 0.2 3 1.66666666666667
187 573 3 0 4 0 0.5 0 2 2
188 652 2 0 3 0 0.666666666666667 0 3 1
189 869.666666666667 6 0 6 0 0.4 0 3 2
190 434 2 0 3 0 0.666666666666667 0 3 1
191 349.2 5 1 5 0.333333333333333 0.5 0.1 3 1.66666666666667
192 542.666666666667 2 0 3 0 0.666666666666667 0 2 1.5
193 1642.4 6 2 5 0.6 0.6 0.2 3 1.66666666666667
194 634.666666666667 2 0 3 0 0.666666666666667 0 3 1
195 96 2 0 3 0 0.666666666666667 0 3 1
196 964.444444444444 62 21 27 0.161840628507295 0.176638176638177 0.00717948717948718 3 9
197 2607.6 6 2 5 0.6 0.6 0.2 3 1.66666666666667
198 525.333333333333 2 0 3 0 0.666666666666667 0 2 1.5
199 838.666666666667 3 1 3 1 1 1 3 1
200 1055.5 3 0 4 0 0.5 0 3 1.33333333333333
201 846.666666666667 2 0 3 0 0.666666666666667 0 3 1
202 1152 2 0 3 0 0.666666666666667 0 3 1
203 213.333333333333 5 0 6 0 0.333333333333333 0 3 2
204 297.5 3 0 4 0 0.5 0 3 1.33333333333333
205 1257.33333333333 2 0 3 0 0.666666666666667 0 2 1.5
206 182 2 0 3 0 0.666666666666667 0 3 1
207 240 3 1 3 1 1 1 3 1
208 842.666666666667 2 0 3 0 0.666666666666667 0 2 1.5
209 1736.66666666667 3 1 3 1 1 1 3 1
210 126 2 0 3 0 0.666666666666667 0 3 1
211 192 4 1 4 0.583333333333333 0.666666666666667 0.25 3 1.33333333333333
212 301.647058823529 80 8 51 0.0586679116090881 0.0627450980392157 0.000384153661464586 3 17
213 186.666666666667 2 0 3 0 0.666666666666667 0 3 1
214 1085.75 9 1 8 0.208333333333333 0.321428571428571 0.0178571428571429 3 2.66666666666667
215 522.5 3 0 4 0 0.5 0 2 2
216 278 3 0 4 0 0.5 0 3 1.33333333333333
217 324.5 4 1 4 0.583333333333333 0.666666666666667 0.25 3 1.33333333333333
218 387.333333333333 2 0 3 0 0.666666666666667 0 3 1
219 905.5 3 0 4 0 0.5 0 3 1.33333333333333
220 1749.2 5 1 5 0.333333333333333 0.5 0.1 3 1.66666666666667
221 910 6 0 5 0 0.6 0 3 1.66666666666667
222 1130.4 5 0 5 0 0.5 0 3 1.66666666666667
223 358 2 0 3 0 0.666666666666667 0 3 1
224 1037.10344827586 100 31 29 0.161825328153929 0.246305418719212 0.00848385331143952 3 9.66666666666667
225 869.6 4 0 5 0 0.4 0 3 1.66666666666667
226 1438 22 4 16 0.264484126984127 0.183333333333333 0.00714285714285714 3 5.33333333333333
227 590.5 4 0 4 0 0.666666666666667 0 3 1.33333333333333
228 390 4 1 4 0.583333333333333 0.666666666666667 0.25 3 1.33333333333333
229 2617.33333333333 2 0 3 0 0.666666666666667 0 2 1.5
230 850 2 0 3 0 0.666666666666667 0 2 1.5
231 657 4 0 4 0 0.666666666666667 0 3 1.33333333333333
232 1276 4 0 5 0 0.4 0 2 2.5
233 954.8 7 3 5 0.8 0.7 0.3 3 1.66666666666667
234 1349.18181818182 34 3 22 0.083982683982684 0.147186147186147 0.00194805194805195 3 7.33333333333333
235 224 2 0 3 0 0.666666666666667 0 3 1
236 62.5 3 0 4 0 0.5 0 3 1.33333333333333
237 2977.75 12 4 8 0.6 0.428571428571429 0.0714285714285714 3 2.66666666666667
238 1260.44444444444 75 31 27 0.259376837154615 0.213675213675214 0.0105982905982906 3 9
239 1100.8 4 0 5 0 0.4 0 3 1.66666666666667
240 1547.66666666667 8 2 6 0.388888888888889 0.533333333333333 0.1 3 2
241 1445.33333333333 2 0 3 0 0.666666666666667 0 3 1
242 287.5 13 2 12 0.105555555555556 0.196969696969697 0.00909090909090909 3 4
243 121.826086956522 26 0 23 0 0.102766798418972 0 3 7.66666666666667
244 1028 2 0 3 0 0.666666666666667 0 3 1
245 548.4 5 0 5 0 0.5 0 2 2.5
246 829.714285714286 22 4 14 0.216666666666667 0.241758241758242 0.010989010989011 3 4.66666666666667
247 1291.77777777778 17 7 9 0.496296296296296 0.472222222222222 0.0833333333333333 3 3
248 210.666666666667 2 0 3 0 0.666666666666667 0 3 1
249 435.333333333333 2 0 3 0 0.666666666666667 0 2 1.5
250 418.5 3 0 4 0 0.5 0 3 1.33333333333333
251 641 3 0 4 0 0.5 0 3 1.33333333333333
252 197.333333333333 2 0 3 0 0.666666666666667 0 3 1
253 1314 3 1 3 1 1 1 3 1
254 158 2 0 3 0 0.666666666666667 0 2 1.5
255 70 2 0 3 0 0.666666666666667 0 2 1.5
256 442 2 0 3 0 0.666666666666667 0 2 1.5
257 999.2 5 0 5 0 0.5 0 3 1.66666666666667
258 382 2 0 3 0 0.666666666666667 0 3 1
259 114.666666666667 2 0 3 0 0.666666666666667 0 3 1
260 797.473684210526 20 0 19 0 0.116959064327485 0 2 9.5
261 772 2 0 3 0 0.666666666666667 0 2 1.5
262 252.666666666667 3 1 3 1 1 1 3 1
263 1239.5 3 0 4 0 0.5 0 3 1.33333333333333
264 1067.6 4 0 5 0 0.4 0 3 1.66666666666667
265 284.5 4 1 4 0.583333333333333 0.666666666666667 0.25 3 1.33333333333333
266 501.25 9 1 8 0.166666666666667 0.321428571428571 0.0178571428571429 3 2.66666666666667
267 1062 16 0 14 0 0.175824175824176 0 2 7
268 373.428571428571 8 2 7 0.4 0.380952380952381 0.0571428571428571 3 2.33333333333333
269 1330.5 4 1 4 0.583333333333333 0.666666666666667 0.25 3 1.33333333333333
270 1083.6 5 1 5 0.333333333333333 0.5 0.1 3 1.66666666666667
271 452.5 4 1 4 0.583333333333333 0.666666666666667 0.25 3 1.33333333333333
275 1054.5 3 0 4 0 0.5 0 3 1.33333333333333
307 416.666666666667 2 0 3 0 0.666666666666667 0 2 1.5
310 5353.33333333333 3 1 3 1 1 1 3 1
311 1142.8 4 0 5 0 0.4 0 3 1.66666666666667
324 512 2 0 3 0 0.666666666666667 0 3 1
325 286.666666666667 3 1 3 1 1 1 3 1
330 346.666666666667 2 0 3 0 0.666666666666667 0 2 1.5
341 110 2 0 3 0 0.666666666666667 0 2 1.5
350 257.333333333333 2 0 3 0 0.666666666666667 0 3 1
356 1197.5 3 0 4 0 0.5 0 3 1.33333333333333
363 1977.5 4 1 4 0.583333333333333 0.666666666666667 0.25 3 1.33333333333333
381 1174 3 1 3 1 1 1 3 1
383 57.3333333333333 2 0 3 0 0.666666666666667 0 2 1.5
389 556 3 0 4 0 0.5 0 3 1.33333333333333
399 760 2 0 3 0 0.666666666666667 0 3 1
405 1161.33333333333 2 0 3 0 0.666666666666667 0 2 1.5
408 506 4 0 5 0 0.4 0 3 1.66666666666667
412 1724 3 0 4 0 0.5 0 3 1.33333333333333
416 1673.33333333333 3 1 3 1 1 1 3 1
420 6649 5 2 4 0.833333333333333 0.833333333333333 0.5 3 1.33333333333333
425 526.5 3 0 4 0 0.5 0 2 2
427 355 3 0 4 0 0.5 0 3 1.33333333333333
451 522 2 0 3 0 0.666666666666667 0 2 1.5
453 149.6 5 0 5 0 0.5 0 3 1.66666666666667
456 787.333333333333 2 0 3 0 0.666666666666667 0 3 1
458 237.333333333333 2 0 3 0 0.666666666666667 0 3 1
481 1560.66666666667 2 0 3 0 0.666666666666667 0 2 1.5
525 3363 5 2 4 0.833333333333333 0.833333333333333 0.5 3 1.33333333333333
529 220.6 13 0 10 0 0.288888888888889 0 3 3.33333333333333
531 1612.66666666667 2 0 3 0 0.666666666666667 0 3 1
542 821.333333333333 2 0 3 0 0.666666666666667 0 3 1
556 1461.33333333333 2 0 3 0 0.666666666666667 0 3 1
557 1744.5 4 0 4 0 0.666666666666667 0 2 2
569 691 5 2 4 0.833333333333333 0.833333333333333 0.5 3 1.33333333333333
576 70.6666666666667 2 0 3 0 0.666666666666667 0 3 1
587 9394.5 5 2 4 0.833333333333333 0.833333333333333 0.5 3 1.33333333333333
593 1000 3 0 4 0 0.5 0 3 1.33333333333333
594 762.666666666667 2 0 3 0 0.666666666666667 0 3 1
599 1026 2 0 3 0 0.666666666666667 0 2 1.5
603 1633.33333333333 2 0 3 0 0.666666666666667 0 3 1
617 1713 16 5 10 0.32 0.355555555555556 0.0416666666666667 3 3.33333333333333
622 340.5 4 1 4 0.583333333333333 0.666666666666667 0.25 3 1.33333333333333
629 835.2 5 0 5 0 0.5 0 3 1.66666666666667
631 1655.73333333333 65 0 30 0 0.149425287356322 0 2 15
643 2288.66666666667 2 0 3 0 0.666666666666667 0 3 1
689 119.5 3 0 4 0 0.5 0 3 1.33333333333333
699 142.666666666667 16 2 15 0.222222222222222 0.152380952380952 0.0043956043956044 3 5
707 941.333333333333 2 0 3 0 0.666666666666667 0 2 1.5
716 1288.5 4 1 4 0.583333333333333 0.666666666666667 0.25 3 1.33333333333333
721 367.333333333333 2 0 3 0 0.666666666666667 0 3 1
733 2011.06666666667 25 8 15 0.450793650793651 0.238095238095238 0.0175824175824176 3 5
735 1427.33333333333 2 0 3 0 0.666666666666667 0 2 1.5
753 84.6666666666667 2 0 3 0 0.666666666666667 0 3 1
766 1237.33333333333 3 1 3 1 1 1 3 1
769 1274 3 0 4 0 0.5 0 2 2
772 497.333333333333 2 0 3 0 0.666666666666667 0 2 1.5
777 235.5 3 0 4 0 0.5 0 3 1.33333333333333
781 67.3333333333333 2 0 3 0 0.666666666666667 0 3 1
782 2251.5 5 2 4 0.833333333333333 0.833333333333333 0.5 3 1.33333333333333
790 957.142857142857 6 0 7 0 0.285714285714286 0 3 2.33333333333333
797 60 3 0 4 0 0.5 0 2 2
830 429.333333333333 2 0 3 0 0.666666666666667 0 3 1
831 707.333333333333 2 0 3 0 0.666666666666667 0 2 1.5
833 449.333333333333 6 1 6 0.277777777777778 0.4 0.05 3 2
836 244 2 0 3 0 0.666666666666667 0 2 1.5
838 435 5 0 6 0 0.333333333333333 0 2 3
841 446.666666666667 2 0 3 0 0.666666666666667 0 3 1
843 86 2 0 3 0 0.666666666666667 0 2 1.5
849 721.333333333333 2 0 3 0 0.666666666666667 0 3 1
858 56 2 0 3 0 0.666666666666667 0 2 1.5
862 1056 2 0 3 0 0.666666666666667 0 2 1.5
864 3444 5 2 4 0.833333333333333 0.833333333333333 0.5 3 1.33333333333333
869 578 2 0 3 0 0.666666666666667 0 2 1.5
879 825 4 0 4 0 0.666666666666667 0 3 1.33333333333333
887 611.333333333333 2 0 3 0 0.666666666666667 0 2 1.5
903 2206.66666666667 2 0 3 0 0.666666666666667 0 2 1.5
906 1381.33333333333 2 0 3 0 0.666666666666667 0 2 1.5
919 641 3 0 4 0 0.5 0 3 1.33333333333333
923 1181 3 0 4 0 0.5 0 2 2
931 248 2 0 3 0 0.666666666666667 0 3 1
951 932 2 0 3 0 0.666666666666667 0 2 1.5
953 587.333333333333 2 0 3 0 0.666666666666667 0 2 1.5
959 1005.6 4 0 5 0 0.4 0 3 1.66666666666667
965 1052 3 1 3 1 1 1 3 1
972 984 3 0 4 0 0.5 0 3 1.33333333333333
974 772.666666666667 2 0 3 0 0.666666666666667 0 3 1
980 2894.4 6 0 5 0 0.6 0 3 1.66666666666667
989 848 2 0 3 0 0.666666666666667 0 2 1.5
991 439 3 0 4 0 0.5 0 3 1.33333333333333
995 1249.5 4 1 4 0.583333333333333 0.666666666666667 0.25 3 1.33333333333333
1007 304.666666666667 3 1 3 1 1 1 3 1
1012 168 2 0 3 0 0.666666666666667 0 2 1.5
1014 2939.33333333333 3 1 3 1 1 1 3 1
1017 939.333333333333 2 0 3 0 0.666666666666667 0 2 1.5
1043 753.5 3 0 4 0 0.5 0 3 1.33333333333333
1044 233.333333333333 2 0 3 0 0.666666666666667 0 3 1
1045 301.333333333333 2 0 3 0 0.666666666666667 0 2 1.5
1065 866 2 0 3 0 0.666666666666667 0 2 1.5
1080 1155.66666666667 7 2 6 0.444444444444444 0.466666666666667 0.1 3 2
1082 1354 2 0 3 0 0.666666666666667 0 3 1
1092 514.666666666667 2 0 3 0 0.666666666666667 0 3 1
1104 966.666666666667 3 1 3 1 1 1 3 1
1113 277.5 4 1 4 0.583333333333333 0.666666666666667 0.25 3 1.33333333333333
1116 446 6 2 5 0.6 0.6 0.2 3 1.66666666666667
1128 772.666666666667 2 0 3 0 0.666666666666667 0 2 1.5
1132 334 2 0 3 0 0.666666666666667 0 2 1.5
1137 211.333333333333 6 0 6 0 0.4 0 3 2
1138 997 3 0 4 0 0.5 0 3 1.33333333333333
1149 1237.5 3 0 4 0 0.5 0 2 2
1156 758.142857142857 17 2 14 0.14484126984127 0.186813186813187 0.00549450549450549 3 4.66666666666667
1165 608.5 4 1 4 0.583333333333333 0.666666666666667 0.25 3 1.33333333333333
1178 397.6 4 0 5 0 0.4 0 3 1.66666666666667
1182 1069 3 0 4 0 0.5 0 2 2
1191 858 2 0 3 0 0.666666666666667 0 2 1.5
1193 950 2 0 3 0 0.666666666666667 0 3 1
1211 2863 5 2 4 0.833333333333333 0.833333333333333 0.5 3 1.33333333333333
1216 185.5 3 0 4 0 0.5 0 3 1.33333333333333
1247 655.333333333333 2 0 3 0 0.666666666666667 0 2 1.5
1249 283 4 1 4 0.583333333333333 0.666666666666667 0.25 3 1.33333333333333
1260 345.333333333333 5 0 6 0 0.333333333333333 0 3 2
1300 978 3 0 4 0 0.5 0 3 1.33333333333333
1301 264 2 0 3 0 0.666666666666667 0 3 1
1310 499.5 3 0 4 0 0.5 0 3 1.33333333333333
1315 762.333333333333 14 3 12 0.298611111111111 0.212121212121212 0.0136363636363636 3 4
1317 584.8 4 0 5 0 0.4 0 3 1.66666666666667
1319 60.6666666666667 2 0 3 0 0.666666666666667 0 2 1.5
1331 334 2 0 3 0 0.666666666666667 0 3 1
1332 1285 4 1 4 0.583333333333333 0.666666666666667 0.25 3 1.33333333333333
1359 742.666666666667 2 0 3 0 0.666666666666667 0 2 1.5
1367 750.666666666667 3 1 3 1 1 1 3 1
1373 484.666666666667 2 0 3 0 0.666666666666667 0 2 1.5
1396 3281.55555555556 9 0 9 0 0.25 0 2 4.5
1406 267.333333333333 2 0 3 0 0.666666666666667 0 3 1
1407 317 4 1 4 0.583333333333333 0.666666666666667 0.25 3 1.33333333333333
1412 780.4 5 1 5 0.333333333333333 0.5 0.1 3 1.66666666666667
1419 364 2 0 3 0 0.666666666666667 0 3 1
1425 350.659793814433 594 0 194 0 0.0317290743015865 0 2 97
1438 345.333333333333 2 0 3 0 0.666666666666667 0 3 1
1444 416 2 0 3 0 0.666666666666667 0 3 1
1449 2633.33333333333 3 1 3 1 1 1 3 1
1460 3157.33333333333 2 0 3 0 0.666666666666667 0 2 1.5
1469 894 2 0 3 0 0.666666666666667 0 3 1
1481 140 2 0 3 0 0.666666666666667 0 2 1.5
1488 1590 4 1 4 0.583333333333333 0.666666666666667 0.25 3 1.33333333333333
1491 644.333333333333 5 0 6 0 0.333333333333333 0 3 2
1504 351.333333333333 2 0 3 0 0.666666666666667 0 3 1
1509 321.333333333333 5 0 6 0 0.333333333333333 0 2 3
1518 62 2 0 3 0 0.666666666666667 0 2 1.5
1530 244 3 0 4 0 0.5 0 3 1.33333333333333
1564 464.5 3 0 4 0 0.5 0 2 2
1573 229 3 0 4 0 0.5 0 3 1.33333333333333
1578 233.333333333333 2 0 3 0 0.666666666666667 0 2 1.5
1593 392 2 0 3 0 0.666666666666667 0 3 1
1601 717.333333333333 2 0 3 0 0.666666666666667 0 2 1.5
1603 556.666666666667 2 0 3 0 0.666666666666667 0 3 1
1604 1210.66666666667 2 0 3 0 0.666666666666667 0 3 1
1611 439 3 0 4 0 0.5 0 2 2
1612 621.158878504673 902 471 214 0.110361902765974 0.0395770260190426 0.000292444137581617 3 71.3333333333333
1614 484 5 2 4 0.833333333333333 0.833333333333333 0.5 3 1.33333333333333
1624 226 3 0 4 0 0.5 0 3 1.33333333333333
1628 324 2 0 3 0 0.666666666666667 0 2 1.5
1640 96 2 0 3 0 0.666666666666667 0 2 1.5
1646 484.5 3 0 4 0 0.5 0 3 1.33333333333333
1650 3135.33333333333 2 0 3 0 0.666666666666667 0 2 1.5
1660 295.333333333333 2 0 3 0 0.666666666666667 0 3 1
1697 667.5 3 0 4 0 0.5 0 2 2
1728 266 2 0 3 0 0.666666666666667 0 3 1
1731 548 2 0 3 0 0.666666666666667 0 3 1
1733 957 4 1 4 0.583333333333333 0.666666666666667 0.25 3 1.33333333333333
1737 224 3 0 4 0 0.5 0 3 1.33333333333333
1740 354 2 0 3 0 0.666666666666667 0 3 1
1742 818 2 0 3 0 0.666666666666667 0 2 1.5
1745 1010 2 0 3 0 0.666666666666667 0 3 1
1747 851.2 4 0 5 0 0.4 0 3 1.66666666666667
1763 678.666666666667 2 0 3 0 0.666666666666667 0 2 1.5
1764 1359.33333333333 2 0 3 0 0.666666666666667 0 2 1.5
1767 1514 2 0 3 0 0.666666666666667 0 2 1.5
1768 900 4 0 4 0 0.666666666666667 0 3 1.33333333333333
1792 359.5 3 0 4 0 0.5 0 3 1.33333333333333
1798 104.666666666667 2 0 3 0 0.666666666666667 0 2 1.5
1811 543.333333333333 2 0 3 0 0.666666666666667 0 2 1.5
1814 986.5 3 0 4 0 0.5 0 3 1.33333333333333
1829 912 4 0 5 0 0.4 0 3 1.66666666666667
1832 856.666666666667 2 0 3 0 0.666666666666667 0 2 1.5
1835 614.666666666667 2 0 3 0 0.666666666666667 0 2 1.5
1841 716 3 0 4 0 0.5 0 3 1.33333333333333
1845 1463.6 5 0 5 0 0.5 0 2 2.5
1847 3943.33333333333 2 0 3 0 0.666666666666667 0 2 1.5
1848 1248 3 0 4 0 0.5 0 3 1.33333333333333
1852 268 2 0 3 0 0.666666666666667 0 2 1.5
1871 656 3 0 4 0 0.5 0 3 1.33333333333333
1874 776 2 0 3 0 0.666666666666667 0 3 1
1878 109.333333333333 2 0 3 0 0.666666666666667 0 2 1.5
1886 390 3 0 4 0 0.5 0 3 1.33333333333333
1896 210.666666666667 2 0 3 0 0.666666666666667 0 2 1.5
1912 2298.5 4 1 4 0.583333333333333 0.666666666666667 0.25 3 1.33333333333333
1915 555.5 3 0 4 0 0.5 0 2 2
1933 462.666666666667 2 0 3 0 0.666666666666667 0 3 1
1935 792.666666666667 2 0 3 0 0.666666666666667 0 2 1.5
1937 179.333333333333 2 0 3 0 0.666666666666667 0 3 1
1946 734 4 0 4 0 0.666666666666667 0 3 1.33333333333333
1947 524.666666666667 2 0 3 0 0.666666666666667 0 2 1.5
1949 744.666666666667 2 0 3 0 0.666666666666667 0 2 1.5
1962 642 2 0 3 0 0.666666666666667 0 3 1
1976 643.333333333333 2 0 3 0 0.666666666666667 0 2 1.5
1979 1565.5 3 0 4 0 0.5 0 3 1.33333333333333
1980 909.5 3 0 4 0 0.5 0 2 2
1982 1352.66666666667 2 0 3 0 0.666666666666667 0 3 1
1997 122 2 0 3 0 0.666666666666667 0 3 1
2004 357.333333333333 2 0 3 0 0.666666666666667 0 3 1
2007 579.333333333333 2 0 3 0 0.666666666666667 0 3 1
2009 208 2 0 3 0 0.666666666666667 0 2 1.5
2021 88 3 0 4 0 0.5 0 2 2
2028 1052 2 0 3 0 0.666666666666667 0 3 1
2029 1730.66666666667 2 0 3 0 0.666666666666667 0 3 1
2038 1180 2 0 3 0 0.666666666666667 0 3 1
2044 1168 2 0 3 0 0.666666666666667 0 3 1
2059 1412 4 0 5 0 0.4 0 3 1.66666666666667
2069 110 4 0 4 0 0.666666666666667 0 3 1.33333333333333
2078 384 3 0 4 0 0.5 0 2 2
2088 433.333333333333 2 0 3 0 0.666666666666667 0 3 1
2112 535 3 0 4 0 0.5 0 3 1.33333333333333
2132 309.333333333333 2 0 3 0 0.666666666666667 0 3 1
2142 76.5 3 0 4 0 0.5 0 2 2
2143 137.5 4 1 4 0.583333333333333 0.666666666666667 0.25 3 1.33333333333333
2150 829.333333333333 2 0 3 0 0.666666666666667 0 2 1.5
2156 416 2 0 3 0 0.666666666666667 0 2 1.5
2162 1429.33333333333 2 0 3 0 0.666666666666667 0 2 1.5
2168 992.4 5 1 5 0.333333333333333 0.5 0.1 3 1.66666666666667
2180 261.333333333333 2 0 3 0 0.666666666666667 0 2 1.5
2190 154 2 0 3 0 0.666666666666667 0 2 1.5
2196 1077.33333333333 2 0 3 0 0.666666666666667 0 2 1.5
2204 588 2 0 3 0 0.666666666666667 0 3 1
2208 222 2 0 3 0 0.666666666666667 0 3 1
2214 954.666666666667 2 0 3 0 0.666666666666667 0 3 1
2223 328 2 0 3 0 0.666666666666667 0 2 1.5
2224 253.333333333333 2 0 3 0 0.666666666666667 0 2 1.5
2231 58 2 0 3 0 0.666666666666667 0 2 1.5
2232 295.555555555556 10 2 9 0.281481481481481 0.277777777777778 0.0238095238095238 3 3
2250 1909.71428571429 7 0 7 0 0.333333333333333 0 2 3.5
2267 3074.66666666667 3 1 3 1 1 1 3 1
2273 1043.71428571429 8 1 7 0.238095238095238 0.380952380952381 0.0285714285714286 3 2.33333333333333
2278 340.666666666667 2 0 3 0 0.666666666666667 0 3 1
2284 721 3 0 4 0 0.5 0 2 2
2295 144.666666666667 2 0 3 0 0.666666666666667 0 3 1
2299 1356 2 0 3 0 0.666666666666667 0 2 1.5
2306 3261.5 5 2 4 0.833333333333333 0.833333333333333 0.5 3 1.33333333333333
2316 1422 3 0 4 0 0.5 0 2 2
2334 731 3 0 4 0 0.5 0 2 2
2343 1042 2 0 3 0 0.666666666666667 0 3 1
2345 339.333333333333 2 0 3 0 0.666666666666667 0 3 1
2355 1794 2 0 3 0 0.666666666666667 0 2 1.5
2377 457.5 3 0 4 0 0.5 0 3 1.33333333333333
2382 359.5 3 0 4 0 0.5 0 3 1.33333333333333
2383 374.4 5 1 5 0.333333333333333 0.5 0.1 3 1.66666666666667
2391 76 3 0 4 0 0.5 0 2 2
2400 173.5 3 0 4 0 0.5 0 3 1.33333333333333
2404 1138.66666666667 2 0 3 0 0.666666666666667 0 3 1
2407 451.454545454545 11 0 11 0 0.2 0 3 3.66666666666667
2411 353.333333333333 2 0 3 0 0.666666666666667 0 3 1
2414 1406 4 0 5 0 0.4 0 3 1.66666666666667
2418 448.8 4 0 5 0 0.4 0 3 1.66666666666667
2420 525.5 4 1 4 0.583333333333333 0.666666666666667 0.25 3 1.33333333333333
2423 466.666666666667 2 0 3 0 0.666666666666667 0 2 1.5
2449 209.5 3 0 4 0 0.5 0 3 1.33333333333333
2460 174.666666666667 2 0 3 0 0.666666666666667 0 3 1
2470 598 4 0 4 0 0.666666666666667 0 3 1.33333333333333
2478 474 2 0 3 0 0.666666666666667 0 2 1.5
2527 293.333333333333 2 0 3 0 0.666666666666667 0 2 1.5
2532 1297.33333333333 2 0 3 0 0.666666666666667 0 3 1
2538 472.666666666667 2 0 3 0 0.666666666666667 0 3 1
2546 371.333333333333 2 0 3 0 0.666666666666667 0 3 1
2557 517 3 0 4 0 0.5 0 3 1.33333333333333
2567 883.5 3 0 4 0 0.5 0 2 2
2569 553 3 0 4 0 0.5 0 2 2
2577 408 2 0 3 0 0.666666666666667 0 2 1.5
2599 1284.66666666667 2 0 3 0 0.666666666666667 0 3 1
2603 759.333333333333 3 1 3 1 1 1 3 1
2629 309 202 26 114 0.0523410312883997 0.0313615898152461 0.000108124293033469 3 38
2642 854 3 0 4 0 0.5 0 3 1.33333333333333
2646 340 3 0 4 0 0.5 0 3 1.33333333333333
2649 680 2 0 3 0 0.666666666666667 0 2 1.5
2654 525.2 5 0 5 0 0.5 0 3 1.66666666666667
2660 67 3 0 4 0 0.5 0 2 2
2673 828 4 0 4 0 0.666666666666667 0 2 2
2675 714 3 1 3 1 1 1 3 1
2677 1097.33333333333 2 0 3 0 0.666666666666667 0 3 1
2682 622 3 0 4 0 0.5 0 3 1.33333333333333
2715 559.333333333333 2 0 3 0 0.666666666666667 0 3 1
2745 1329.6 5 0 5 0 0.5 0 2 2.5
2749 670 3 0 4 0 0.5 0 3 1.33333333333333
2780 1018 2 0 3 0 0.666666666666667 0 3 1
2781 394 2 0 3 0 0.666666666666667 0 2 1.5
2786 58.6666666666667 2 0 3 0 0.666666666666667 0 2 1.5
2813 312 2 0 3 0 0.666666666666667 0 3 1
2819 703.428571428571 8 2 7 0.333333333333333 0.380952380952381 0.0571428571428571 3 2.33333333333333
2827 1199 4 1 4 0.583333333333333 0.666666666666667 0.25 3 1.33333333333333
2832 570 3 0 4 0 0.5 0 3 1.33333333333333
2845 330.5 3 0 4 0 0.5 0 3 1.33333333333333
2857 2646 3 1 3 1 1 1 3 1
2862 271.5 4 1 4 0.583333333333333 0.666666666666667 0.25 3 1.33333333333333
2869 1422.66666666667 2 0 3 0 0.666666666666667 0 3 1
2903 482.5 3 0 4 0 0.5 0 3 1.33333333333333
2912 1612.66666666667 2 0 3 0 0.666666666666667 0 3 1
2920 788.666666666667 2 0 3 0 0.666666666666667 0 3 1
2923 5306.25 15 8 8 0.458333333333333 0.535714285714286 0.142857142857143 3 2.66666666666667
2927 1786.57142857143 8 2 7 0.571428571428571 0.380952380952381 0.0571428571428571 3 2.33333333333333
2931 186.666666666667 2 0 3 0 0.666666666666667 0 2 1.5
2938 672.666666666667 2 0 3 0 0.666666666666667 0 3 1
2951 10851.3333333333 3 1 3 1 1 1 3 1
2953 302.8 4 0 5 0 0.4 0 3 1.66666666666667
2954 365.333333333333 3 1 3 1 1 1 3 1
2961 162.666666666667 2 0 3 0 0.666666666666667 0 3 1
2975 1023.33333333333 2 0 3 0 0.666666666666667 0 3 1
2982 436.5 3 0 4 0 0.5 0 3 1.33333333333333
2999 505.5 4 0 4 0 0.666666666666667 0 3 1.33333333333333
3020 790.666666666667 2 0 3 0 0.666666666666667 0 2 1.5
3032 451.2 4 0 5 0 0.4 0 2 2.5
3041 320.666666666667 2 0 3 0 0.666666666666667 0 2 1.5
3077 815.333333333333 2 0 3 0 0.666666666666667 0 3 1
3107 196 2 0 3 0 0.666666666666667 0 2 1.5
3114 422 4 0 4 0 0.666666666666667 0 3 1.33333333333333
3116 268 3 0 4 0 0.5 0 3 1.33333333333333
3132 623.333333333333 7 1 6 0.25 0.466666666666667 0.05 3 2
3141 1298.66666666667 2 0 3 0 0.666666666666667 0 3 1
3143 748 3 0 4 0 0.5 0 3 1.33333333333333
3156 479.333333333333 2 0 3 0 0.666666666666667 0 2 1.5
3159 422.666666666667 3 1 3 1 1 1 3 1
3168 89 3 0 4 0 0.5 0 2 2
3169 852.095238095238 98 9 63 0.0361468044007727 0.0501792114695341 0.000226637455616832 3 21
3173 82 2 0 3 0 0.666666666666667 0 2 1.5
3184 1354.1 26 4 20 0.2375 0.136842105263158 0.00350877192982456 3 6.66666666666667
3195 602 4 0 4 0 0.666666666666667 0 3 1.33333333333333
3197 728.666666666667 3 1 3 1 1 1 3 1
3231 888 2 0 3 0 0.666666666666667 0 3 1
3232 294.5 3 0 4 0 0.5 0 2 2
3233 425 3 0 4 0 0.5 0 3 1.33333333333333
3255 2060.66666666667 2 0 3 0 0.666666666666667 0 3 1
3267 570 3 0 4 0 0.5 0 2 2
3275 232.666666666667 2 0 3 0 0.666666666666667 0 2 1.5
3280 493.333333333333 2 0 3 0 0.666666666666667 0 3 1
3289 248 2 0 3 0 0.666666666666667 0 3 1
3291 181.333333333333 2 0 3 0 0.666666666666667 0 3 1
3301 109.5 3 0 4 0 0.5 0 3 1.33333333333333
3314 263.333333333333 2 0 3 0 0.666666666666667 0 3 1
3318 409.5 3 0 4 0 0.5 0 3 1.33333333333333
3322 436.666666666667 2 0 3 0 0.666666666666667 0 2 1.5
3327 510.666666666667 2 0 3 0 0.666666666666667 0 2 1.5
3328 81.6666666666667 5 0 6 0 0.333333333333333 0 2 3
3352 295.333333333333 2 0 3 0 0.666666666666667 0 2 1.5
3359 1199.25 9 2 8 0.3125 0.321428571428571 0.0357142857142857 3 2.66666666666667
3362 646 2 0 3 0 0.666666666666667 0 2 1.5
3363 177.333333333333 2 0 3 0 0.666666666666667 0 3 1
3368 1054.66666666667 2 0 3 0 0.666666666666667 0 3 1
3374 883.75 10 3 8 0.65 0.357142857142857 0.0535714285714286 3 2.66666666666667
3387 430.666666666667 2 0 3 0 0.666666666666667 0 2 1.5
3390 100.666666666667 2 0 3 0 0.666666666666667 0 3 1
3400 345.333333333333 2 0 3 0 0.666666666666667 0 3 1
3413 93.2 5 0 5 0 0.5 0 3 1.66666666666667
3427 412 2 0 3 0 0.666666666666667 0 2 1.5
3429 379.2 4 0 5 0 0.4 0 2 2.5
3435 1535.33333333333 2 0 3 0 0.666666666666667 0 2 1.5
3443 410.666666666667 2 0 3 0 0.666666666666667 0 2 1.5
3452 636.666666666667 2 0 3 0 0.666666666666667 0 3 1
3456 950.666666666667 2 0 3 0 0.666666666666667 0 3 1
3458 434.666666666667 2 0 3 0 0.666666666666667 0 2 1.5
3463 747.6 4 0 5 0 0.4 0 3 1.66666666666667
3470 315.333333333333 2 0 3 0 0.666666666666667 0 2 1.5
3472 576.666666666667 2 0 3 0 0.666666666666667 0 3 1
3487 610 2 0 3 0 0.666666666666667 0 2 1.5
3489 130 2 0 3 0 0.666666666666667 0 2 1.5
3505 736 2 0 3 0 0.666666666666667 0 3 1
3506 729.333333333333 2 0 3 0 0.666666666666667 0 3 1
3509 1426 2 0 3 0 0.666666666666667 0 3 1
3518 885.333333333333 2 0 3 0 0.666666666666667 0 3 1
3537 673.333333333333 2 0 3 0 0.666666666666667 0 2 1.5
3547 1119.33333333333 2 0 3 0 0.666666666666667 0 3 1
3550 584 3 0 4 0 0.5 0 2 2
3581 514 4 0 4 0 0.666666666666667 0 3 1.33333333333333
3588 771.333333333333 2 0 3 0 0.666666666666667 0 2 1.5
3595 1506 2 0 3 0 0.666666666666667 0 3 1
3601 975.5 3 0 4 0 0.5 0 2 2
3620 60 2 0 3 0 0.666666666666667 0 3 1
3631 466.666666666667 2 0 3 0 0.666666666666667 0 2 1.5
3633 474 3 0 4 0 0.5 0 3 1.33333333333333
3653 262.666666666667 2 0 3 0 0.666666666666667 0 2 1.5
3659 702 3 0 4 0 0.5 0 3 1.33333333333333
3670 443 3 0 4 0 0.5 0 3 1.33333333333333
3671 511.6 4 0 5 0 0.4 0 2 2.5
3676 340.5 5 2 4 0.833333333333333 0.833333333333333 0.5 3 1.33333333333333
3702 285.5 3 0 4 0 0.5 0 3 1.33333333333333
3718 1063 3 0 4 0 0.5 0 2 2
3733 366 2 0 3 0 0.666666666666667 0 2 1.5
3750 114.666666666667 2 0 3 0 0.666666666666667 0 2 1.5
3753 141.333333333333 2 0 3 0 0.666666666666667 0 2 1.5
3779 1710 2 0 3 0 0.666666666666667 0 2 1.5
3780 686 2 0 3 0 0.666666666666667 0 3 1
3794 312 2 0 3 0 0.666666666666667 0 3 1
3832 1498.66666666667 5 0 6 0 0.333333333333333 0 2 3
3849 216 2 0 3 0 0.666666666666667 0 2 1.5
3863 1031.6 4 0 5 0 0.4 0 2 2.5
3866 520.666666666667 2 0 3 0 0.666666666666667 0 2 1.5
3880 606.444444444444 11 3 9 0.537037037037037 0.305555555555556 0.0357142857142857 3 3
3885 255.6 4 0 5 0 0.4 0 2 2.5
3891 156 3 0 4 0 0.5 0 3 1.33333333333333
3909 874 2 0 3 0 0.666666666666667 0 2 1.5
3915 1136 2 0 3 0 0.666666666666667 0 2 1.5
3929 953.5 3 0 4 0 0.5 0 3 1.33333333333333
3930 932 2 0 3 0 0.666666666666667 0 3 1
3931 588 2 0 3 0 0.666666666666667 0 2 1.5
3935 394 2 0 3 0 0.666666666666667 0 2 1.5
3937 1176 3 0 4 0 0.5 0 2 2
3949 504 2 0 3 0 0.666666666666667 0 2 1.5
3971 698.666666666667 2 0 3 0 0.666666666666667 0 2 1.5
3990 870.5 3 0 4 0 0.5 0 3 1.33333333333333
3991 1970.66666666667 2 0 3 0 0.666666666666667 0 2 1.5
3997 755 3 0 4 0 0.5 0 3 1.33333333333333
4010 715.666666666667 6 1 6 0.277777777777778 0.4 0.05 3 2
4011 57.3333333333333 2 0 3 0 0.666666666666667 0 2 1.5
4072 1140.5 3 0 4 0 0.5 0 2 2
4092 241.333333333333 2 0 3 0 0.666666666666667 0 3 1
4096 2494.57142857143 7 1 7 0.214285714285714 0.333333333333333 0.0285714285714286 3 2.33333333333333
4099 384.666666666667 2 0 3 0 0.666666666666667 0 3 1
4100 2387.6 5 0 5 0 0.5 0 2 2.5
4116 611.333333333333 2 0 3 0 0.666666666666667 0 3 1
4122 365.333333333333 2 0 3 0 0.666666666666667 0 2 1.5
4124 922.4 4 0 5 0 0.4 0 2 2.5
4137 654.666666666667 2 0 3 0 0.666666666666667 0 2 1.5
4139 74.8571428571429 6 0 7 0 0.285714285714286 0 2 3.5
4154 268 3 0 4 0 0.5 0 3 1.33333333333333
4156 674.666666666667 5 0 6 0 0.333333333333333 0 3 2
4161 201.333333333333 2 0 3 0 0.666666666666667 0 3 1
4163 885.5 3 0 4 0 0.5 0 3 1.33333333333333
4174 106.5 7 0 8 0 0.25 0 3 2.66666666666667
4176 1014.8 4 0 5 0 0.4 0 2 2.5
4179 369.333333333333 2 0 3 0 0.666666666666667 0 3 1
4187 516.5 3 0 4 0 0.5 0 3 1.33333333333333
4194 268.666666666667 6 1 6 0.388888888888889 0.4 0.05 3 2
4199 160 10 0 10 0 0.222222222222222 0 3 3.33333333333333
4201 91 3 0 4 0 0.5 0 2 2
4229 127.5 3 0 4 0 0.5 0 2 2
4234 259.333333333333 2 0 3 0 0.666666666666667 0 2 1.5
4245 399.333333333333 2 0 3 0 0.666666666666667 0 2 1.5
4262 193.333333333333 2 0 3 0 0.666666666666667 0 2 1.5
4282 658 2 0 3 0 0.666666666666667 0 3 1
4308 880 2 0 3 0 0.666666666666667 0 3 1
4328 673 3 0 4 0 0.5 0 3 1.33333333333333
4347 558 2 0 3 0 0.666666666666667 0 3 1
4348 70.6666666666667 2 0 3 0 0.666666666666667 0 2 1.5
4364 478 3 0 4 0 0.5 0 3 1.33333333333333
4367 648 3 0 4 0 0.5 0 3 1.33333333333333
4372 461.333333333333 2 0 3 0 0.666666666666667 0 3 1
4383 528.666666666667 2 0 3 0 0.666666666666667 0 3 1
4428 573 3 0 4 0 0.5 0 3 1.33333333333333
4434 807.2 4 0 5 0 0.4 0 3 1.66666666666667
4455 444.4 5 0 5 0 0.5 0 2 2.5
4456 625.2 4 0 5 0 0.4 0 2 2.5
4457 364.666666666667 2 0 3 0 0.666666666666667 0 2 1.5
4464 412 2 0 3 0 0.666666666666667 0 2 1.5
4466 258 2 0 3 0 0.666666666666667 0 2 1.5
4468 126 2 0 3 0 0.666666666666667 0 3 1
4481 485.333333333333 2 0 3 0 0.666666666666667 0 2 1.5
4484 202 2 0 3 0 0.666666666666667 0 2 1.5
4496 92.4 4 0 5 0 0.4 0 3 1.66666666666667
4515 54.6666666666667 2 0 3 0 0.666666666666667 0 2 1.5
4533 580.666666666667 2 0 3 0 0.666666666666667 0 3 1
4538 82 2 0 3 0 0.666666666666667 0 3 1
4542 410 2 0 3 0 0.666666666666667 0 2 1.5
4544 356.666666666667 2 0 3 0 0.666666666666667 0 3 1
4548 169 5 0 6 0 0.333333333333333 0 3 2
